%YAML:1.0

image_height: 480
image_width: 752
use_imu: 1

depth_lower_thr: 0.1
depth_upper_thr: 10.0
max_y_diff: 1

# Calibration
distortion_type: 1  # 0 for undistorted inputs, 1 for radial-tangential: [k1, k2, p1, p2, k3], 2 for equidistant/fisheye:  [k1, k2, k3, k4, 0].
cam0:
  intrinsics: [458.654, 457.296, 367.215, 248.375] # fx, fy, cx, cy
  distortion_coeffs: [-0.28340811, 0.07395907, 0.00019359, 1.76187114e-05, 0]
  T_type: 0           # 0 for Euroc format, the following T is Tbc. 1 for Kalibr format, the following T is Tcb
  T: 
  - [0.0148655429818, -0.999880929698, 0.00414029679422, -0.0216401454975]
  - [0.999557249008, 0.0149672133247, 0.025715529948, -0.064676986768]
  - [-0.0257744366974, 0.00375618835797, 0.999660727178, 0.00981073058949]
  - [0.0, 0.0, 0.0, 1.0]
cam1:
  intrinsics: [457.587, 456.134, 379.999, 255.238] 
  distortion_coeffs: [-0.28368365,  0.07451284, -0.00010473, -3.55590700e-05, 0]
  T_type: 0           
  T: 
  - [0.0125552670891, -0.999755099723, 0.0182237714554, -0.0198435579556]
  - [0.999598781151, 0.0130119051815, 0.0251588363115, 0.0453689425024]
  - [-0.0253898008918, 0.0179005838253, 0.999517347078, 0.00786212447038]
  - [0.0, 0.0, 0.0, 1.0]


# IMU
rate_hz: 200
gyroscope_noise_density: 1.6968e-04     # [ rad / s / sqrt(Hz) ]   ( gyro "white noise" )
gyroscope_random_walk: 1.9393e-05       # [ rad / s^2 / sqrt(Hz) ] ( gyro bias diffusion )
accelerometer_noise_density: 2.0000e-3  # [ m / s^2 / sqrt(Hz) ]   ( accel "white noise" )
accelerometer_random_walk: 3.0000e-3    # [ m / s^3 / sqrt(Hz) ].  ( accel bias diffusion )
g_value: 9.81007