%YAML:1.0

image_height: 768
image_width: 1024
use_imu: 1

depth_lower_thr: 0.1
depth_upper_thr: 25.0
max_y_diff: 2

# Calibration
distortion_type: 2  # 0 for undistorted inputs, 1 for radial-tangential: [k1, k2, p1, p2, k3], 2 for equidistant/fisheye:  [k1, k2, k3, k4, 0].
cam0:
  intrinsics: [548.675336190778, 549.8818969986276, 516.3866093184781, 399.5429120347567] # fx, fy, cx, cy
  distortion_coeffs: [-0.06871322616238257, 0.02451994273357104, -0.02288817712592593, 0.005970525621928401, 0]
  T_type: 1           # 0 for Euroc format, the following T is Tbc. 1 for Kalibr format, the following T is Tcb
  T: 
  - [-0.9999075129222311, 0.009129044547616321, 0.010080979482447605, 0.04494077481347731]
  - [-0.009349824313881894, -0.9997125937593437, -0.022075114139336903, 0.11756299478603587]
  - [0.009876557445660702, -0.022167327863611475, 0.9997054882256121, 0.009662092028551384]
  - [0.0, 0.0, 0.0, 1.0]
cam1:
  intrinsics: [546.704969318968, 547.905312283432, 524.6107126324622, 381.4119390580929] 
  distortion_coeffs: [-0.05876304711291024, 0.006137940939145979, -0.007300242063869814, 0.001414838413761872, 0]
  T_type: 1           
  T: 
  - [-0.9998724792210668, 0.007228050454964115, 0.014240104737598703, -0.0741199925822667]
  - [-0.007567637071889531, -0.9996847674053032, -0.023939437899691232, 0.11804314089236007]
  - [0.014062580327431065, -0.024044149068442884, 0.9996119860876564, 0.009444780183617524]
  - [0.0, 0.0, 0.0, 1.0]

# IMU
rate_hz: 250
accelerometer_noise_density: 0.0008
accelerometer_random_walk: 1.1e-05
gyroscope_noise_density: 0.0005
gyroscope_random_walk: 2.6e-06
g_value: 9.80655