%YAML:1.0

image_height: 480
image_width: 752

# stereo baseline times fx
bf: 166.1255759599

depth_lower_thr: 0.3
depth_upper_thr: 40
max_y_diff: 3 

# radial-tangential: 0, equidistant/fisheye: 1 
distortion_type: 0

# stereo rectification
LEFT.D: !!opencv-matrix
   rows: 1
   cols: 5
   dt: d
   data: [-0.11566634307511932, 0.08987699968528752, -0.0005582794020918663, -0.0018357664315637888, 0.0]
LEFT.K: !!opencv-matrix
   rows: 3
   cols: 3
   dt: d
   data: [605.7455777299853, 0, 370.360573680134, 0, 607.9735414995575, 206.06348100221066, 0.0, 0.0, 1.0]
LEFT.R:  !!opencv-matrix
   rows: 3
   cols: 3
   dt: d
   data: [0.9998247837, -0.0184672408, 0.0030598786, 0.0184879093, 0.9998054813, -0.0068699923, -0.0029324136, 0.0069253593, 0.9999717198]
LEFT.P:  !!opencv-matrix
   rows: 3
   cols: 4
   dt: d
   data: [652.8396880328, 0.0, 367.4166793823, 0,  0, 652.8396880328, 219.8166790009, 0,  0, 0, 1, 0]

RIGHT.D: !!opencv-matrix
   rows: 1
   cols: 5
   dt: d
   data: [-0.12488375896406986, 0.10256449638718221, 0.00036679194033630247, 0.00021222103272629827, 0.0]
RIGHT.K: !!opencv-matrix
   rows: 3
   cols: 3
   dt: d
   data: [604.6980984497027, 0, 365.754804193908, 0, 606.3456604476274, 235.0315549075409, 0.0, 0.0, 1]
RIGHT.R:  !!opencv-matrix
   rows: 3
   cols: 3
   dt: d
   data: [0.9991215022, 0.0417624350, -0.0034817835, -0.0417374184, 0.9991042871, 0.0069721857, 0.0037698402, -0.0068207400, 0.9999696324]
RIGHT.P:  !!opencv-matrix
   rows: 3
   cols: 4
   dt: d
   data: [652.8396880328, 0.0, 367.4166793823, -166.1255759599,  0, 652.8396880328, 219.8166790009, 0,  0, 0, 1, 0]