%YAML:1.0

image_height: 768
image_width: 1024

# stereo baseline times fx
bf: 50.6786337336

depth_lower_thr: 0.1
depth_upper_thr: 15
max_y_diff: 5

# radial-tangential: 0, equidistant/fisheye: 1
distortion_type: 1

# stereo rectification
LEFT.D: !!opencv-matrix
   rows: 1
   cols: 4
   dt: d
   data: [-0.06983837053126551, 0.030679193251357234, -0.029318268716673087, 0.008383563478792275]
LEFT.K: !!opencv-matrix
   rows: 3
   cols: 3
   dt: d
   data: [545.7402000594014, 0, 516.7898455908171, 0, 546.4624873938807, 399.68834148863493, 0, 0, 1]
LEFT.R:  !!opencv-matrix
   rows: 3
   cols: 3
   dt: d
   data: [0.9999288421, -0.0051140112, 0.0107776430, 0.0051231458, 0.9999865403, -0.0008201149, -0.0107733038, 0.0008752720, 0.9999415832]
LEFT.P:  !!opencv-matrix
   rows: 3
   cols: 4
   dt: d
   data: [427.9233544758, 0.0, 519.2661436543, 0,  0, 427.9233544758, 393.6269541270, 0,  0, 0, 1, 0]

RIGHT.D: !!opencv-matrix
   rows: 1
   cols: 4
   dt: d
   data: [-0.12488375896406986, 0.10256449638718221, 0.00036679194033630247, 0.00021222103272629827]
RIGHT.K: !!opencv-matrix
   rows: 3
   cols: 3
   dt: d
   data: [543.6000821015224, 0, 524.280213672173, 0, 544.4238023037506, 381.4178892040695, 0, 0, 1]
RIGHT.R:  !!opencv-matrix
   rows: 3
   cols: 3
   dt: d
   data: [0.9999584216, -0.0069502216, 0.0059033495, 0.0069452147, 0.9999755048, 0.0008682178, -0.0059092392, -0.0008271816, 0.9999821982]
RIGHT.P:  !!opencv-matrix
   rows: 3
   cols: 4
   dt: d
   data: [427.9233544758, 0.0, 519.2661436543, -50.6786337336,  0, 427.9233544758, 393.6269541270, 0,  0, 0, 1, 0]
