%YAML:1.0

image_height: 768
image_width: 1024

# stereo baseline times fx
bf: 52.1485318013

depth_lower_thr: 0.1
depth_upper_thr: 10
max_y_diff: 3

# radial-tangential: 0, equidistant/fisheye: 1
distortion_type: 1

# stereo rectification
LEFT.D: !!opencv-matrix
   rows: 1
   cols: 4
   dt: d
   data: [-0.06871322616238257, 0.02451994273357104, -0.02288817712592593, 0.005970525621928401]
LEFT.K: !!opencv-matrix
   rows: 3
   cols: 3
   dt: d
   data: [548.675336190778, 0, 516.3866093184781, 0, 549.8818969986276, 399.5429120347567, 0, 0, 1]
LEFT.R:  !!opencv-matrix
   rows: 3
   cols: 3
   dt: d
   data: [0.9999757844, -0.0030431402, 0.0062585921, 0.0030488685, 0.9999949418, -0.0009059397, -0.0062558036, 0.0009249994, 0.9999800044]
LEFT.P:  !!opencv-matrix
   rows: 3
   cols: 4
   dt: d
   data: [437.0655449072, 0.0, 526.2194189577, 0,  0, 437.0655449072, 393.3895879877, 0,  0, 0, 1, 0]

RIGHT.D: !!opencv-matrix
   rows: 1
   cols: 4
   dt: d
   data: [-0.05876304711291024, 0.006137940939145979, -0.007300242063869814, 0.001414838413761872]
RIGHT.K: !!opencv-matrix
   rows: 3
   cols: 3
   dt: d
   data: [546.704969318968, 0, 524.6107126324622, 0, 547.905312283432, 381.4119390580929, 0, 0, 1]
RIGHT.R:  !!opencv-matrix
   rows: 3
   cols: 3
   dt: d
   data: [0.9999861135, -0.0048552073, 0.0020493192, 0.0048533292, 0.9999877989, 0.0009204513, -0.0020537631, -0.0009104925, 0.9999974765]
RIGHT.P:  !!opencv-matrix
   rows: 3
   cols: 4
   dt: d
   data: [437.0655449072, 0.0, 526.2194189577, -52.1485318013,  0, 437.0655449072, 393.3895879877, 0,  0, 0, 1, 0]